list:
{"build":25302,"label": [
["BTN",5]
,["CHD",16]
,["HDC",11]
,["HDS",118]
,["IPT",1]
,["OpenCD",8]
,["TTG",5]
]
,"torrents": [

["1838F99F34E8D6D9A2BBD3E8423620DFD453DC1D",136,"12 Angry Men 1957 1080i HDTV DD2.0 MPEG2-CtrlHD.ts",10935263460,1000,0,0,0,0,0,0,"HDS",0,0,0,0,65536,-1,0],
["3E0E75117670FE216C52FC2756D3D348F43EDEB5",152,"2008.11.15.Tais-Toi!.2003.BluRay.720p.x264.DTS-SiLUHD",4613259430,1000,0,47337079946,10261,0,0,0,"HDS",0,0,0,0,65536,-1,0],
["8E5CE595FEDD51387EC9A10A870CC7102D79BF0B",152,"5 Centimeters Per Second BluRay 1080p LPCM x264-HDS",7208574365,1000,7208574365,3206208925,444,0,0,0,"HDS",0,0,0,0,65536,-1,0],
["6674DD8A9443B317F1194B4E225C10A61343BDC2",152,"A.Beautiful.Mind.2001.1080p.Blu-ray.DTS-HD.MA5.1.x264-HiS@beAst",17454633802,1000,0,36416880640,2086,0,0,0,"HDS",0,0,0,0,65536,-1,0],
["6157C621B7D103CD8CD70D951BA8A8D7FE615086",136,"Argo.2012.Blu-ray.RE.x264.720p.DTS.2Audio-HDS",6970556152,1000,6970556152,440762368,63,0,0,0,"HDS",0,0,0,0,65536,-1,0],
["4EE3E83342D6981A29D5CCFECB57AC5EC054F3EB",152,"Avatar.Extended.Collectors.Edition.2010.3in1.720p.Blu-ray.DualAudio.DTS.x264-HiS@beAst",15756635906,1000,0,93157939724,5912,0,0,0,"HDS",0,0,0,0,65536,-1,0],
["D567F916FF08B03236DABC6F2FC91C1B3F8ABE16",152,"BBC.Nature's.Most.Amazing.Events.2009.720p.DD2.0.PGS.x264-HiS@beAst",19323254838,1000,19323254838,76094826658,3937,0,0,0,"HDS",0,0,0,0,65536,-1,0],
["E644D732AAD739CA563C8AE211AF248D037A2BAB",152,"BBCÂú∞Âπ≥Á∫øÂêàÈõ?",39484962028,1000,39485551852,70814119148,1793,0,0,0,"HDS",0,0,0,0,65536,-1,0],
["D02F3389985D576DD1D6170EDE5AFA00B5736DD6",152,"BD_Authoring.iso",726075392,1000,728303616,104742912,143,0,0,0,"HDS",0,0,0,0,65536,-1,0],
["8231216180EE76ADF949C986BDDDB66AFA196A90",152,"Babe 1995 1080p BluRay VC-1 DTS-HD Master-HDStar",26431434706,1000,26431434706,29032914852,1098,0,0,0,"HDS",0,0,0,0,65536,-1,0],
["C07AEE4206B3447E55C9C8D708053365706FAB29",152,"Bad.Teacher.2011.CEE.BluRay.720p.DTS.x264-th71@beAst",5917413360,1000,5917413360,27047460800,4570,0,0,0,"HDS",0,0,0,0,65536,-1,0],
["F1BE266ED21F92EA2BEC05FBB9F5DD4446372A30",152,"Beginners.2011.BluRay.1080p.DTS-HD.MA.5.1.x264-th71@beAst",8859674897,1000,8859674897,39090494122,4412,0,0,0,"HDS",0,0,0,0,65536,-1,0],
["CAAC08F8C54EAEDCA22139CF914CB7474868787D",152,"Black.Mirror.Pack.720p.HDTV.x264",3215693188,1000,0,22562767128,7016,0,0,0,"HDS",0,0,0,0,65536,-1,0],
["DBEF7D3248F3E9D26358F8DC4835E7AB48BE9601",152,"Bon Jovi - Greatest Hits.The Ultimate Collection (2010)",1104616182,1000,1104616182,1926002156,1743,0,0,0,"HDS",0,0,0,0,65536,-1,0],
["D87249BA29EF3EDE6A01D470C09D4C8BE0264F36",152,"Bruce.Almighty.2003.720p.Blu-ray.DD 5.1.2Audio.PGS.x264-liangbin@beAst",4915900808,1000,4915900808,2711748608,551,0,0,0,"HDS",0,0,0,0,65536,-1,0],
["C416FF7D2F256B1BF6EEFCC959CCBB9B934F55AC",152,"Bruce.Lee.Legendary.Collection-HDStar",167106052096,1000,167106052096,274443059200,1642,0,0,0,"HDS",0,0,0,0,65536,-1,0],
["84ABB90A6EEA684CDDAEB42BCFB3435CC67C5671",201,"CCTV1.Tea.Complete.HDTV.iPad.720p.x264.AAC-HDSPad",3586844046,1000,3586844046,348962816,97,0,0,-1,"",0,0,0,0,65536,-1,0],
["D7CBC70F8266D9F3F9D5E30E6DD25D181CD97EFE",136,"CCTVHD She Jian Shang De Zhong Guo E01 HDTV 1080i MPEG2.ts",5581254700,1000,5581254700,4860797016,870,0,0,0,"HDS",0,0,0,0,65536,-1,0],
["8C955BE38B7A9D6831FC7F7C532915208736BD0F",136,"CCTVHD She Jian Shang De Zhong Guo E02 HDTV 1080i MPEG2.ts",5588374260,1000,5588374260,3442348788,615,0,0,0,"HDS",0,0,0,0,65536,-1,0],
["08F3A475D603450123DE1AC3D28E7323D3E68AA1",136,"CCTVHD She Jian Shang De Zhong Guo E03 HDTV 1080i MPEG2.ts",5470242016,1000,0,0,0,0,0,0,"HDS",0,0,0,0,65536,-1,0],
["82E9A3B674090ADE88AFAAE79DF3F047E1CBE80A",136,"CCTVHD She Jian Shang De Zhong Guo E04 HDTV 1080i MPEG2-HDSTV.ts",5603880500,1000,5603880500,5024280116,896,0,0,0,"HDS",0,0,0,0,65536,-1,0],
["B0F30D0A5D8F06D624BEF64F84D38A5A751808BE",136,"CCTVHD She Jian Shang De Zhong Guo E05 HDTV 1080i MPEG2.ts",5588115384,1000,5588115384,1185193912,212,0,0,0,"HDS",0,0,0,0,65536,-1,0],
["0BEB2086F69F7C014603372E4A326B7D173856DF",136,"CCTVHD She Jian Shang De Zhong Guo E06 HDTV 1080i MPEG2.ts",5704353340,1000,5704353340,1283098172,224,0,0,0,"HDS",0,0,0,0,65536,-1,0],
["E93731C49814C3B3768C23565ED10D3CCF021A4E",136,"CCTVHD She Jian Shang De Zhong Guo E07 HDTV 1080i MPEG2.ts",5694822868,1000,5694822868,908017664,159,0,0,0,"HDS",0,0,0,0,65536,-1,0],
["5367E6207CF2D97399ECE256266CAA1518A28220",152,"Cars 2 2011 BluRay 1080p AVC DTS-HD MA7.1",46782033087,1000,46833773759,273764143799,5845,0,0,0,"HDS",0,0,0,0,65536,-1,0],
["9012087C03270777D4BA2E507454CCA99CBD3FB0",152,"Cars 2006 1080p Blu-ray  AVC DD 5.1-FiNalHD",29395815402,1000,29395815402,90451485630,3077,0,0,0,"HDS",0,0,0,0,65536,-1,0],
["D7E3BD094E74221C48CC9326037B125A556C4278",152,"Casablanca.1942.1080p.70th.Aniversary.Blu-ray.AVC.DTS-HD.MA.1.0-Chinagear@HDStar",55173451776,1000,55181217792,287601635328,5211,0,0,0,"HDS",0,0,0,0,65536,-1,0],
["0756F3F7FAAE1CEC8B48C3925F60DB2D3E82D7B7",152,"Charlie.and.the.Chocolate.Factory.2005.BluRay.720p.3Audio.AC3.x264-beAst",5808591961,1000,5808591961,8837359794,1521,0,0,0,"HDS",0,0,0,0,65536,-1,0],
["3E23696281285EF1903663346B68FB5253B21331",152,"Chronicle.2012.BluRay.720p.DTS.x264-HDS",4724467216,1000,4724467216,27023100960,5719,0,0,0,"HDS",0,0,0,0,65536,-1,0],
["028629775C04815DA228414FBF86C390A53B39F3",136,"Cinema Paradiso Blu-ray 1080p AVC LPCM 2.0-HDS",24275062784,1000,0,44200751104,1820,0,0,0,"HDS",0,0,0,0,65536,-1,0],
["464128164D12D076C009B153436793C5551EB880",152,"Citizen Kane 1941 1080p Blu-ray AVC DTS-HD MA 1.0 DIY-HDS",32130058633,1000,32140773769,120914678546,3762,0,0,0,"HDS",0,0,0,0,65536,-1,0],
["3B3EAF9492B7356CA9B35693CDD8C94B7F1F3800",152,"Community.S01.720p.x264-BTN",14648941006,1000,0,46481050986,3172,0,0,0,"HDS",0,0,0,0,65536,-1,0],
["890CEE650E0BF0B7FF9D43BF8C0BE3CD27FC4405",152,"Community.S01.720p.x264-BTN",14648941006,1000,15523781070,1990990286,128,0,0,0,"BTN",0,0,0,0,65536,-1,0],
["1C1882D07B2857EA32732206DF48E6C00B371950",152,"Community.S02.720p.HDTV.x264-BTN",14062017136,1000,0,14227479152,1011,0,0,0,"HDS",0,0,0,0,65536,-1,0],
["A46111E9FB74B8A67CA48B759FE31F10788910E0",152,"Community.S02.720p.HDTV.x264-BTN",14062017136,1000,14072502896,1657847808,117,0,0,0,"BTN",0,0,0,0,65536,-1,0],
["3DCB39B7BB5513E927BEE647DF3F379A9871C9F4",152,"DNA251.iso",8513480704,1000,0,45396744192,5332,0,0,0,"HDS",0,0,0,0,65536,-1,0],
["02D73B747A68F3A162717BE8DC175DE90FD03BAB",152,"DNA251.iso",8513480704,1000,8513480704,21738049536,2553,0,0,0,"CHD",0,0,0,0,65536,-1,0],
["EFB240CEC6619592016C1A04047A2EFA93212C18",152,"Days.Of.Heaven.1978.720p.Blu-ray.DTS.PGS.x264-HiS@beAst",6624081974,1000,6624081974,20121843766,3037,0,0,0,"HDS",0,0,0,0,65536,-1,0],
["A0119F59550E5804B37B6AB3E308F0328A3A220B",152,"Dead.Poets.Society.1989.720p.HDTV.x264-CtrlHD.mkv",3516869018,1000,0,9665303348,2748,0,0,0,"HDS",0,0,0,0,65536,-1,0],
["2032C5F180F06E1D83D52CB147D38019EB7425FF",152,"Deep Purple - Deepest Purple - The Very Best of Deep Purple 1980 FLAC tracks+cue",420210233,1000,420210233,0,0,0,0,0,"OpenCD",0,0,0,0,65536,-1,0],
["483130A77AA0674C3F58F3B74CA542D661B49015",136,"Detachment 2011 BluRay 720p DTS x264-HDS",6596826397,1000,6634476829,325697536,49,0,0,0,"HDS",0,0,0,0,65536,-1,0],
["57FB5B023B3F07D3839545B81501A841A3E5B2D0",136,"Django Unchained 2012 Blu-ray x264 720p AAC 3Audio-HDSPad",3587677631,1000,3587677631,4615618560,1286,0,0,0,"HDS",0,0,0,0,65536,-1,0],
["8F410C813A03F9A48AF2D39042AA41DE3FC1242F",201,"Dookie„ÄêCD„Ä?",420950184,1000,420950184,28557312,67,0,0,-1,"OpenCD",0,0,0,0,65536,-1,0],
["33DDDFC35FE11AD3C5D67B547E30FDB5B78C9AE0",152,"Downton Abbey 2012 S03 BluRay 720p AAC x264-HDSPad",8244344478,1000,8244344478,2409854622,292,0,0,0,"HDS",0,0,0,0,65536,-1,0],
["8E273EF08D8D910F7067374815DBCB1E854B5A62",152,"Dragon Gift of the Night Fury",385599183,1000,385599183,146931712,381,0,0,0,"HDC",0,0,0,0,65536,-1,0],
["E1FB808DA767E34727D105FB83278F01FD6442B3",152,"Drive.Angry.2011.720p.Blu-ray.DTS.PGS.x264-HiS@beAst",6202865209,1000,0,6817183289,1099,0,0,0,"HDS",0,0,0,0,65536,-1,0],
["5664E55B9730E28158C9CBDDC959AE9D6F288152",152,"End.of.Watch.2012.US.Blu-ray.RE.x264.720p.DTS-HDS",6965697339,1000,6989601595,505610240,72,0,0,0,"HDS",0,0,0,0,65536,-1,0],
["F729811ED4DFCDB325F8ADCB0557EA13D91AA80D",152,"FIRST_DVD.iso",4937035776,1000,0,56319307776,11407,0,0,0,"HDS",0,0,0,0,65536,-1,0],
["6A97759673AEB92BCE91B84F17420135CDA0B3C4",152,"FRIENDS.S01.DVD9.ISO",22841294848,1000,0,60450177024,2646,0,0,0,"CHD",0,0,0,0,65536,-1,0],
["5669BD734C3609D5B941927A6E88E44F4F844510",152,"FRIENDS.S02.DVD9.ISO",25952780444,1000,2621596,91349647828,34845051,0,0,0,"CHD",0,0,0,0,65536,-1,0],
["6F3828A7941E377A9322763E983583196DCCD3C2",152,"FRIENDS.S03.DVD9.ISO",26949353628,1000,950428,78848999736,82961570,0,0,0,"CHD",0,0,0,0,65536,-1,0],
["27B07F4C1DC9719C9E78C2888638CF4AF17BB493",152,"FRIENDS.S04.DVD9.ISO",26317062300,1000,1999004,62562074780,31296623,0,0,0,"CHD",0,0,0,0,65536,-1,0],
["DF35D1A8CDCABDA6F6BC2C85E05039FB554AC7A6",152,"FRIENDS.S05.DVD9.ISO",26157547676,1000,1867932,75830723028,40596083,0,0,0,"CHD",0,0,0,0,65536,-1,0],
["563DAA1C728846563E48B07C388F4D55FBCD271F",152,"FRIENDS.S06.DVD9.ISO",25878364316,1000,3702940,61310910932,16557360,0,0,0,"CHD",0,0,0,0,65536,-1,0],
["5D72F07F7B57AD517EFA8BD967E08695982B873C",152,"FRIENDS.S07.DVD9.ISO",26249724060,1000,1769628,62185881756,35140652,0,0,0,"CHD",0,0,0,0,65536,-1,0],
["8BFF323C913DB7DB46EE3139DE4BE72E388E1F3E",152,"FRIENDS.S08.DVD9.ISO",25656819868,1000,262300,74837869168,285314026,0,0,0,"CHD",0,0,0,0,65536,-1,0],
["AA33AF017D982BF804A1C196B1944729FD651C7E",152,"FRIENDS.S09.DVD9.ISO",27645673628,1000,1015964,99737010332,98169827,0,0,0,"CHD",0,0,0,0,65536,-1,0],
["39AA60E691D6876E553AF7C6557561F4D5FC82B7",152,"FRIENDS.S1-S10.DVD9.ISO",260358635520,1000,260412047360,959221399552,3683,0,0,0,"HDS",0,0,0,0,65536,-1,0],
["1969C6D37E9AFFDD96BDF48DE021C50B3E89D7E1",152,"FRIENDS.S10.DVD9.ISO",27539912930,1000,830585058,71489452258,86071,0,0,0,"CHD",0,0,0,0,65536,-1,0],
["D4041BEBC39322215E2201A9FB3CA7DCDE68A4DE",152,"Fair.Game.2010.1080p.Blu-ray.DTS-HD.MA5.1.x264-th71@beAst",10605028116,1000,0,16138321920,1521,0,0,0,"HDS",0,0,0,0,65536,-1,0],
["06F57EF1D3B6F52052FD2578671326F6C7149A2F",152,"Fallen.Angels.1995.720p.BluRay.x264.AC3.AAC.2Audio-HDChina",5862381848,1000,5862381848,8742748160,1491,0,0,0,"HDS",0,0,0,0,65536,-1,0],
["D0A96393E507945A8D95A6CBAD77536A142A82E8",201,"First.Ascent.S01.DVDRiP.H.264-BTN",2736087034,1000,2736087034,493723642,180,0,0,-1,"BTN",0,0,0,0,65536,-1,0],
["8301C752F1018CF4EAD0301A4B724E5D85A03251",136,"Fullmetal Alchemist The Sacred Star of Milos 2011 BluRay 720p DTS x264-HDS",3738880671,1000,3738880671,1788379136,478,0,0,0,"HDS",0,0,0,0,65536,-1,0],
["FA53CCFA28097DFF688F7665F81B635223A45A18",201,"Green Day - American Idiot (2004)[FLAC]",435416650,1000,435674260,253390410,581,0,0,-1,"OpenCD",0,0,0,0,65536,-1,0],
["6BBF69D5E08D661DF16E7E9DD8906018FC0D36E6",152,"Green Day - Tre! (2012) FLAC",357226120,1000,357226120,46923776,131,0,0,0,"OpenCD",0,0,0,0,65536,-1,0],
["039B3340E8E6715F833BA23E663D77E208609506",201,"Green Day - ¬°Uno!",330652952,1000,330652952,6553600,19,0,0,-1,"OpenCD",0,0,0,0,65536,-1,0],
["ED3762904302DC135DA00C2C2AD497B22C82CB26",152,"Green_Day-Dos-CD-FLAC-2012-BriBerY",296200482,1000,296200482,1277952,4,0,0,0,"OpenCD",0,0,0,0,65536,-1,0],
["D4F4C4ABDBEA0484B979288BE788368B65B42590",152,"Hall.Pass.Extended.Cut.2011.720p.Blu-ray.DTS.PGS.x264-HiS@beAst",5417876404,1000,0,14466790172,2670,0,0,0,"HDS",0,0,0,0,65536,-1,0],
["1912EB1E61C051B089CF28154BF5E06ECE16C8A0",152,"Harry.Potter.and.the.Deathly.Hallow.Part.2.1080p.Blu-ray.DTS-HD MA 5.1.PGS.x264-liangbin@beAst",13139827661,1000,13139827661,171174516226,13027,0,0,0,"HDS",0,0,0,0,65536,-1,0],
["C2D0813C339FDC04E9960B192A6FC8607A746C6D",201,"Hatfields.And.Mccoys.2012.BluRay.iPad.720p.AAC.x264-CHDPAD",5693091135,1000,5693091135,0,0,0,0,-1,"",0,0,0,0,65536,-1,0],
["A185B316D472CCE43C47AA720A28AE369F2F5C5E",152,"Hotel Transylvania 2012 Bluray 720p AAC x264-HDSPad.mp4",1808045680,1000,1808045680,1623228416,897,0,0,0,"HDS",0,0,0,0,65536,-1,0],
["6A64DA1120C5A188D721F14DEB272787F5FFC894",201,"Ice.Age.‚Ö .‚Ö?.‚Ö?.2002-2009.1080p.BluRay.x264.DTS-WiKi",25787925856,1000,0,82135354048,3185,0,0,0,"TTG",0,0,0,0,65536,-1,0],
["BED9F28480027D5005CD2D7E70B8888EC45FA867",136,"Ice.Age.‚Ö .‚Ö?.‚Ö?.2002-2009.1080p.BluRay.x264.DTS-WiKi",25787925856,1000,25787925856,68583393984,2659,0,0,0,"HDS",0,0,0,0,65536,-1,0],
["7822463CCF89AA98C16BA747E9541B71A55984EB",152,"Identity.2003.Blu-ray.x264.1080p.DTSHDMA.AC3.DualAudio-YellowBeast@beAst",9476372173,1000,9476372173,2498541261,263,0,0,0,"HDC",0,0,0,0,65536,-1,0],
["AE2EC1B2955441F957705EFB6271D09CAD05B2AC",152,"Identity.2003.Blu-ray.x264.1080p.DTSHDMA.AC3.DualAudio-YellowBeast@beAst",9476372173,1000,81920,16192386765,197660971,0,0,0,"HDS",0,0,0,0,65536,-1,0],
["550469FCF124558A9989288F7D397B603F62CA31",152,"Kill Bill Vol. 1-2 Blu-Ray 1080p AVC LPCM 5.1",78956906884,1000,79057570180,561864388500,7107,0,0,0,"HDS",0,0,0,0,65536,-1,0],
["DF50CFBDB2AFC371B2BCC180C2A9798CEB0290B2",136,"Knallerfrauen 1-8 720p.Chs.HDTV.x264",3953649257,1000,3953649257,8932288105,2259,0,0,0,"HDS",0,0,0,0,65536,-1,0],
["3361FD66C414B1426C9CC686D911F7093969173B",152,"L.A.Confidential.1997.720p.Blu-ray.DualAudio.DTS.PGS.x264-HiS@beAst",8560375958,1000,8560375958,25003747778,2920,0,0,0,"HDS",0,0,0,0,65536,-1,0],
["5B7A56FBE8E7ACCC8EADA16FA953F699C131D7AE",152,"Le.Concert.2009.720p.bluRay.x264-FHD",7034580989,1000,0,20571095028,2924,0,0,0,"HDS",0,0,0,0,65536,-1,0],
["16AB3B2046520D18335AE8D501AC331007AEFB0E",152,"Le.Concert.2009.720p.bluRay.x264-FHD",7034580989,1000,7037743101,8463048698,1202,0,0,0,"HDC",0,0,0,0,65536,-1,0],
["4173AB03E25C47DE57DE92C9B5434316886A346E",136,"Liadov.-.[Marionettes.etc.Stephen.Coombs.Hyperion].ape",190705842,1000,0,2035410676,10673,0,0,0,"HDS",0,0,0,0,65536,-1,0],
["CD6BE9C3672358E6EA8B049E1EA3BAE6EF0CC1D5",136,"Looney_Tunes",546924088,1000,0,932940912,1705,0,0,0,"HDS",0,0,0,0,65536,-1,0],
["E2417B0105252E8FD207424D9BCC87C7C4636F35",152,"Love.In.A.Puff.2010.RePack.Bluray.720p.3Audio.x264.DTS-HDS",5929289314,1000,5929289314,18854910344,3179,0,0,0,"HDS",0,0,0,0,65536,-1,0],
["6B323FDE2C50BCC146CC19AD10115A45ABD8D537",152,"Modern.Family.S01.720p.HDTV.x264-BTN",14069073973,1000,0,84788113726,6026,0,0,0,"HDS",0,0,0,0,65536,-1,0],
["B57FD0910A21AC8F5457423643FED8D0D2F2FEB6",152,"Modern.Family.S01.720p.HDTV.x264-BTN",14068367172,1000,14068367172,3103244288,220,0,0,0,"BTN",0,0,0,0,65536,-1,0],
["8370CDF9FF4D32B5E7C5EA6B55A8161A94399112",152,"Modern.Family.S02.720p.HDTV.X264-BTN",14066596781,1000,0,62652494599,4453,0,0,0,"HDS",0,0,0,0,65536,-1,0],
["9B8096D019A7A2056B12AA874067E164393DCEA0",152,"Modern.Family.S02.720p.HDTV.X264-BTN",14066596781,1000,0,2399322112,170,0,0,0,"BTN",0,0,0,0,65536,-1,0],
["3C332322941A84E87F2FB795BC730BC65CB0A7DB",152,"Modern.Family.S02.720p.HDTV.X264-BTN",14066596781,1000,14066596781,21374812160,1519,0,0,0,"CHD",0,0,0,0,65536,-1,0],
["3F53B00388A4BB824201DEC7A0D52D8B12166888",152,"Modern.Family.S03E01.720p.HDTV.X264-DIMENSION",854063607,1000,0,1311962094,1536,0,0,0,"HDS",0,0,0,0,65536,-1,0],
["A66C9579C84FD11C4EB6C1DAAC1F6DDF28F98973",152,"Modern.Family.S03E02.720p.HDTV.X264-DIMENSION",685471976,1000,0,842621856,1229,0,0,0,"HDS",0,0,0,0,65536,-1,0],
["E93C254CC9D17EF64BA6F5ECE919B082DE4A4662",152,"Modern.Family.S03E03.720p.HDTV.X264-DIMENSION",736080216,1000,0,1475183968,2004,0,0,0,"HDS",0,0,0,0,65536,-1,0],
["300B53306834C51557B5F5B60280046EAEE24FAD",152,"Modern.Family.S03E04.720p.HDTV.X264-DIMENSION",696720694,1000,0,146651756,210,0,0,0,"HDS",0,0,0,0,65536,-1,0],
["741E632901977417D7F175F8D9376F251B502F98",152,"Morning.Glory.2010.720p.Blu-ray.DTS.x264-HiS@beAst",5871969973,1000,0,7553043818,1286,0,0,0,"HDS",0,0,0,0,65536,-1,0],
["D5081DC9BC9E4347B42D070DF068C0FF9912BBAE",152,"Moskva.slezam.ne.verit.1979.Blu-ray.720p.x264-NiP.mkv",8540464572,1000,8540464572,19832425336,2322,0,0,0,"HDS",0,0,0,0,65536,-1,0],
["F70AA8BEE5D4862C9B8B62509A493AAF75C0833F",152,"Mountain.Patrol.2004.720p.HDTV.x264-NGB.mkv",4697354968,1000,1658683392,2726264832,1643,0,0,0,"HDS",0,0,0,0,65536,-1,0],
["AC00967587275450F1CDCC7E3D05D179503A7082",152,"One.Flew.Over.the.Cuckoo's.Nest.1975.Blu-ray.VC1.DD51-HDRoad",30508453069,1000,30508453069,60806696141,1993,0,0,0,"HDS",0,0,0,0,65536,-1,0],
["221F8ABF8D33C2CD983388288823DFAEFDAEBBFE",152,"Pitch Perfect 2012 BluRay 720p DTS x264-HDS",7276432078,1000,7276432078,8123828942,1116,0,0,0,"HDS",0,0,0,0,65536,-1,0],
["2E8695682AD7B89B926EB2C93BF804B1D6EC155F",152,"Pixar.Collection.1995-2011.720p.BluRay.x264.DTS-WiKi",67604058996,1000,67604058996,106965018344,1582,0,0,0,"HDS",0,0,0,0,65536,-1,0],
["E7B0D6C4CDF8837C2BC8101CFED2877E673CCADB",152,"Pride.And.Prejudice.2005.720p.BluRay.x264.DTS-WiKi",7030593393,1000,0,366673920,52,0,0,0,"HDS",0,0,0,0,65536,-1,0],
["D6EB7CEAC01C6595D70ADBC8795840A6315BBBEE",152,"Pride.And.Prejudice.2005.720p.BluRay.x264.DTS-WiKi",7030593393,1000,7030593393,198541312,28,0,0,0,"TTG",0,0,0,0,65536,-1,0],
["386B6DD881E478B47EDF8E1B3FE667E93831DF48",152,"Promised Land 2012 Blu-ray x264 720p AAC-HDSPad",2105199195,1000,2105199195,28983296,13,0,0,0,"HDS",0,0,0,0,65536,-1,0],
["1C5DD7325DD99E43910143E7F5AC968C1A9BA5E3",136,"Rain.Man.1988.720p.Blu-ray.DualAudio.DTS.x264-HiS@beAst",10815420149,1000,0,21522347765,1989,0,0,0,"HDS",0,0,0,0,65536,-1,0],
["5E0FBA7B3145E48DAD9E2D153A1072A3990E2947",152,"Red.2010.BluRay.720p.DTS.x264-Cyril@beAst.mkv",7112116893,1000,0,11840703133,1664,0,0,0,"HDS",0,0,0,0,65536,-1,0],
["F99C2432A0BD4CDEBCF9EE47E871FCAA29E92BA2",201,"Red.Sorghum.1987.HDTV.1080p.H264.mkv",4516883404,1000,0,336805888,74,0,0,-1,"CHD",0,0,0,0,65536,-1,0],
["4DC0CE87D45B5A7F09711196B2212BC2F9CF27BF",152,"Rise.of.the.Planet.of.the.Apes.2011.Blu-Ray.720p.2Audio.DTS.x264-th71@beAst",6896782837,1000,6896782837,23768086484,3446,0,0,0,"HDS",0,0,0,0,65536,-1,0],
["20E465D0B885A10EE89D8879EA41C02C57478D30",152,"Roman.Holiday.1953.720p.HDTV.DD2.0.x264-DON.mkv",4699038598,1000,0,27974875306,5953,0,0,0,"HDS",0,0,0,0,65536,-1,0],
["980A1A8F75F163FAAD48312D497CF06CD9BB334F",201,"Rush.2013.BluRay.iPad.720p.x264.AAC-HDSPad",2268541004,1000,2268541004,287338572,126,0,0,-1,"",0,0,0,0,65536,-1,0],
["3069BB5060E0AE61302F6DC40515B5D19E63342D",152,"Rush.Hour.1998.1080p.Blu-ray.DualAudio.DTS-HD.MA7.1.x264-HiS@beAst",13914553636,1000,0,20474887460,1471,0,0,0,"HDS",0,0,0,0,65536,-1,0],
["E48728FBC2232A7F521C17EF682B22F200E3259B",152,"Salo,or.The.120.Days.of.Sodom.1975.BluRay.CC.1080p.AC3.x264-th71@beAst",14196778001,1000,14196778001,89336265847,6292,0,0,0,"HDS",0,0,0,0,65536,-1,0],
["79F2F71427FC05990675551DCD79C9617149F05E",136,"Shichinin.no.samurai.1954.1080p.BluRay.x264-WiKi",14160510116,1000,0,26542864712,1874,0,0,0,"HDS",0,0,0,0,65536,-1,0],
["08C5421DBC12C3F7546469AE8D76710C012ECAF7",201,"Shichinin.no.samurai.1954.1080p.BluRay.x264-WiKi",14160510116,1000,14160510116,53366275236,3768,0,0,0,"TTG",0,0,0,0,65536,-1,0],
["44F890820C5117466B1557827FE8C3068D0B27C5",152,"Silver.Linings.Playbook.2012.720p.BluRay.x264-iNFAMOUS",5907485858,1000,246933828,239058944,968,0,0,0,"HDS",0,0,0,0,65536,-1,0],
["2AE482AE3539078F9382F6B2EC110F276780907D",152,"Skyfall.2012.Blu-ray.RE.x264.720p.DTS-HDS",7769466060,1000,0,18153654680,2336,0,0,0,"HDS",0,0,0,0,65536,-1,0],
["1EFEEC0A1117F7C9647080D843D02B9D68CB5CCB",152,"Swordsmen.2011.720p.Blu-ray.DD 5.1.2Audio.PGS.x264-liangbin@beAst",5866714736,1000,5870909040,54597614112,9299,0,0,0,"HDS",0,0,0,0,65536,-1,0],
["3BD8F12A2D1EFE5D334B1EFFF07F09AF249CA71C",152,"TOM.AND.JERRY.CN.R6.D5",41467649744,1000,37718007504,40137989840,1064,0,0,0,"CHD",0,0,0,0,65536,-1,0],
["A005DB462FC1CA61BDEC091E3B18D3967B370CE8",152,"TOM.AND.JERRY.CN.R6.D5",41467649744,1000,3772301312,6824582864,1809,0,0,0,"HDS",0,0,0,0,65536,-1,0],
["BE90471B5C597707B04C4ECB414447AB97EC1951",136,"Tangled.2010.720p.BluRay.x264-AVS720",4685955456,1000,0,313917440,66,0,0,0,"HDS",0,0,0,0,65536,-1,0],
["EBC846921072218ABA9AD551A8C5A01580BEA4FF",152,"The Dark Knight 2008 Bluray 1080p VC-1 TrueHD 5.1",44113055987,1000,44133208307,288912864933,6546,0,0,0,"HDS",0,0,0,0,65536,-1,0],
["5C82064F984B6BC299DE5BF743D884DD73A7682A",152,"The First Day of the Rest of Your Life 2008 BluRay 720p DTS x264-HDS",7295442096,1000,7295442096,3789750272,519,0,0,0,"HDS",0,0,0,0,65536,-1,0],
["F1889BC01DA7BFF39791131D29D222498DC74E8B",152,"The Good Shepherd 2006 NORDIC Blu-ray 1080p AVC DTS-HD MA 5.1 DIY-HDS",40545315786,1000,40545315786,188006620752,4636,0,0,0,"HDS",0,0,0,0,65536,-1,0],
["B1BAA96A43015C0D3E5914CFC90D25775A66F9EA",152,"The.Bridges.Of.Madison.County.1995.720p.HDTV.x264-delerium.Da4.mkv",6977770932,1000,0,54749823828,7846,0,0,0,"HDS",0,0,0,0,65536,-1,0],
["846B9F44853576203FFCE211C9143BB1342D3D8E",152,"The.Bridges.Of.Madison.County.1995.720p.HDTV.x264-delerium.Da4.mkv",6977770932,1000,6977770932,52067806624,7461,0,0,0,"HDC",0,0,0,0,65536,-1,0],
["B7365FBCD7E5DC3F3F1ED448F971939E5ADE0FB9",152,"The.Departed.2006.ITA.Blu-ray.1080p.AVC.DTS-HD.MA.5.1-DIY@HDStar",38810225592,1000,38810225592,109353487288,2817,0,0,0,"HDS",0,0,0,0,65536,-1,0],
["6E2B3FFD24DD07E40B7C9E5229EAFD6033ECD864",152,"The.Dreamers.2003.Blu-ray.RE.x264.720p.DTS-HDS",6881943714,1000,7047815330,434847744,61,0,0,0,"HDS",0,0,0,0,65536,-1,0],
["C093CB76830EF7D29D342F37AC266D2E86E1725F",152,"The.Fighter.2010.720p.Blu-ray.DTS.x264-HiS@beAst",7190457327,1000,0,4731338752,658,0,0,0,"HDS",0,0,0,0,65536,-1,0],
["460A5A974271FB6D7900854C8FD7112BEF8F79AF",136,"The.Fisher.King.1991.720p.BluRay.X264-AMIABLE",5911654812,1000,0,18480108756,3126,0,0,0,"HDS",0,0,0,0,65536,-1,0],
["B0F84990D31637A11AB773973C7722D08829B400",201,"The.Fisher.King.1991.720p.BluRay.X264-AMIABLE",5911654812,1000,5911654812,464977920,78,0,0,-1,"HDC",0,2,0,1,65536,-1,0],
["AB0AB3A339FDDD1D649E288010CF136883141B87",152,"The.Ghost.Writer.2010.1080p.Blu-ray.DTS-HD.MA5.1.x264-HiS@beAst",13204683707,1000,13208009659,13942750139,1055,0,0,0,"HDS",0,0,0,0,65536,-1,0],
["631C62F1EED5F6B20B983D326196BD6694C822D7",152,"The.Godfather.I.II.III.720p.BluRay.x264-ESiR",35309514031,1000,35318263087,33485942063,948,0,0,0,"HDS",0,0,0,0,65536,-1,0],
["DE4BCD0D6AE9D91503F53E7083FB26681C9EDAF4",152,"The.Graduate.1967.720p.Blu-ray.DTS-HD MA 2.0.2Audio.x264-liangbin@beAst",5942272447,1000,6038741439,243548160,40,0,0,0,"HDS",0,0,0,0,65536,-1,0],
["B589E54A5500EE630E84689B81E78DF35F0118D3",152,"The.Lives.of.Others.2006.720p.BluRay.x264-ESiR.mkv",4672703095,1000,4674898551,18227472860,3899,0,0,0,"HDS",0,0,0,0,65536,-1,0],
["61D9CA66C1340CB5128D21092E692585433182CB",152,"The.Music.Never.Stopped.2011.LIMITED.720p.BluRay.x264-SPARKS",4734455013,1000,0,15397673418,3252,0,0,0,"HDS",0,0,0,0,65536,-1,0],
["3D11DE02AF928A3E6F6D20A8BBB967DFD8958359",152,"The.Music.Never.Stopped.2011.LIMITED.720p.BluRay.x264-SPARKS",4734455013,1000,4734455013,467025920,98,0,0,0,"HDC",0,0,0,0,65536,-1,0],
["7B8B02AF8B3CC25EC06FE2CE28F87BBA71DEA523",152,"The.Notebook.2004.720p.Blu-ray.DD 5.1.PGS.x264-liangbin@beAst",5583629802,1000,5583629802,15627028926,2798,0,0,0,"HDS",0,0,0,0,65536,-1,0],
["73B7786A1075891A9BCC73ADDBCF1A84D4341175",152,"The.Science.of.Sleep.2006.Blu-ray.720p.x264.DTS-CHD",4687724056,1000,0,18586008136,3964,0,0,0,"HDS",0,0,0,0,65536,-1,0],
["C5092115D409792F71FBB035997976E034A9F9CE",152,"The.Science.of.Sleep.2006.Blu-ray.720p.x264.DTS-CHD",4687724056,1000,4687724056,303398912,64,0,0,0,"HDC",0,0,0,0,65536,-1,0],
["FDE427E703E11569BA4C53885FA4F1A108F2E39A",152,"Three Colors Trilogy 1993-1994 Blu-ray CC 1080p AVC DTS-HD MA2.0-HDS",143115214593,1000,143766593281,568556461315,3954,0,0,0,"HDS",0,0,0,0,65536,-1,0],
["C14928903DE5018EA88C9F30F13F091C7E187200",152,"TimeScapes 2012 Special Edition BluRay 720p DD5.1 x264-HDS",2049797333,1000,2049797333,58294272,28,0,0,0,"HDS",0,0,0,0,65536,-1,0],
["6A7A920625C80FDD58FE152BB6E1F3F19C210554",152,"To.Kill.a.Mockingbird.1962.720p.BluRay.X264-AMIABLE",5868325230,1000,493934,9302053596,18832584,0,0,0,"HDS",0,0,0,0,65536,-1,0],
["A98F3CF26E28BB60A0A54E01755EEC7A2B835899",152,"Transformers Dark Of The Moon 2011 Blu-Ray 1080p AVC TrueHD REDIY-HDS",47170867202,1000,0,9104572416,193,0,0,0,"HDC",0,0,0,0,65536,-1,0],
["2FF313344A67DF367DF5342321355D700B807D09",152,"Transformers Dark Of The Moon 2011 Blu-Ray 1080p AVC TrueHD REDIY-HDS",47170867202,1000,0,4028186624,85,0,0,0,"TTG",0,0,0,0,65536,-1,0],
["BBE1FDD3BF0C0FF8B3CF230EC1EBDCACACA17F48",152,"Two.and.a.Half.Men.720p.WEB-DL.H.264",123504219485,1000,126923756893,442951270423,3489,0,0,0,"HDS",0,0,0,0,65536,-1,0],
["D5F50944E16290CE659D75A3B83CD9839ABC9AA9",152,"Two.and.a.Half.Men.720p.WEB-DL.H.264",123504219485,1000,0,80897097728,655,0,0,0,"CHD",0,0,0,0,65536,-1,0],
["58C0A5F3263E2ABE349A9F3B4C4AD4325DAA3999",152,"Two.and.a.Half.Men.s1-8.720p.WEB-DL.H.264.",123504219485,1000,0,165323920756,1338,0,0,0,"IPT",0,0,0,0,65536,-1,0],
["F7BE56F15EA3EB61E6657CA0887CBACF978C29A2",152,"Watchmen.The.Ultimate.Cut 2009.720p.blu-ray.DD 5.1.x264-liangbin@beAst",9626354188,1000,0,40108049432,4166,0,0,0,"HDS",0,0,0,0,65536,-1,0],
["69AB82FCBE13770C1F4C9281F38A60E1649FD889",152,"Westlife.For.The.Last.Time.720p.HDTV.x264-C4TV",1205927322,1000,0,5555893250,4607,0,0,0,"HDS",0,0,0,0,65536,-1,0],
["A8578B43ADD2499138BB993D59A858E765075890",152,"Westlife.For.The.Last.Time.720p.HDTV.x264-C4TV",1205927322,1000,1463368500,6901330946,4716,0,0,0,"HDC",0,0,0,0,65536,-1,0],
["2918E007376D4DC13B6FED38FAB32AAB575B7E31",152,"Where.the.Trail.Ends.2012.720p.Bluray.x264-ESiR.mkv",4382254330,1000,4382254330,0,0,0,0,0,"HDS",0,0,0,0,65536,-1,0],
["328A2E1A88D48F2221943C862FEA38D99299E33A",136,"Worst Case Scenario S01E01-10 720p HDTV x264-aAF",5855860859,1000,0,30229330535,5162,0,0,0,"HDS",0,0,0,0,65536,-1,0],
["EEB7FBBB7FDE4ABE8756BFAB5DAF14309F4694D8",201,"Worst Case Scenario S01E01-10 720p HDTV x264-aAF",5855860859,1000,5862201467,1225424896,209,0,0,-1,"TTG",0,0,0,0,65536,-1,0],
["E1C83FDF85BC6303AD4744E0636D01E6FE625786",136,"Wreck.It.Ralph.2012.Blu-ray.RE.x264.720p.DTS-HDS",5359364415,1000,5363558719,2360459264,440,0,0,0,"HDS",0,0,0,0,65536,-1,0],
["AF19BC1DA96BDE55A9A4BAD595783A6565314CED",152,"Zhe Li You Qing Kuang 2011 720P MPEG-yshmily.mkv",2087638419,1000,0,451564947,216,0,0,0,"HDS",0,0,0,0,65536,-1,0],
["08F56FB03E610733DC8CBB180CA328E01A045ECE",152,"[CASO][Mushishi][GB_BIG5][BDRIP][1920x1080][x264_FLAC_2]",23170191770,1000,995082240,88696407656,89134,0,0,0,"HDS",0,0,0,0,65536,-1,0],
["7D7ECB488E20B757ED833B5D4D1F840EFB78DB54",152,"[HDS].[Á≤æÈÄâÈÖç‰πêÂêàÈõÜ].WAV.Lossless.ÂΩ±ËßÜÈÖç‰πê.‰∏ìÈ¢òÁâáÈÖç‰π?.ÂÆ£‰º†ÁâáÈÖç‰π?.ÂÆûÁî®Â§ßÊ∞î.10DVD.31.9GB.xiaojiu@hds",34289852416,1000,34289852416,117565726720,3428,0,0,0,"HDS",0,0,0,0,65536,-1,0],
["5B6E080FED78653D89D182C78496404555091976",152,"[‰∫∫Âú®ÂõßÈÄî].Lost.On.Journey.2010.HDTV.1080i.AAC.TS-jimlam@HDS.TS",5473252648,1000,5473252648,1183036712,216,0,0,0,"HDS",0,0,0,0,65536,-1,0],
["D6E65A0525B958C50DB8CA3853E150002F4ADA37",152,"call of duty modern warfare 3.rar",14736653063,1000,14736653063,75354313535,5113,0,0,0,"HDS",0,0,0,0,65536,-1,0],
["2C3589B9149E3A1E21E3C8D1C2AE9E774AC62FFD",152,"daikin.BDDIY.rar",406465468,1000,406465468,94584832,232,0,0,0,"HDS",0,0,0,0,65536,-1,0],
["738AEED5EAF6F267A6F15E0745CA1F1D3024FF8C",136,"les miserables 2012 Blu-ray x264 720p AAC-HDSPad",3118760274,1000,3118760274,163119104,52,0,0,0,"HDS",0,0,0,0,65536,-1,0],
["1AE549BC5276BFE83EFD8E8C086EB11FD8419D14",152,"rabbit.hole.2010.limited.1080p.bluray.x264-amiable",7041928212,1000,0,0,0,0,0,0,"HDS",0,0,0,0,65536,-1,0],
["699712CA2087936DFAAC72F67F7D9738C0E7E4D6",152,"‰∏≠ÂçéÁôæÁßëËóè‰π¶",9012620676,1000,9025203588,56461147804,6255,0,0,0,"HDS",0,0,0,0,65536,-1,0],
["509014DC2D50D73CD08B734DAB2D1E7A44E35BC1",136,"Â∏ïÊµ∑Ë¥ùÂ∞î - Âç°ÂÜúÂ§ßÂÖ®-ÁªùËµûÁª≠ÈõÜ (ape)",343768227,1000,343768227,293975529,855,0,0,0,"HDS",0,0,0,0,65536,-1,0],
["8E72EA7D577A3B851D94751B71054CC6B2482461",201,"Áè≠ÂæóÁë? 20Âπ¥Á≤æÈÄ?",659734489,1000,659734489,655671296,993,0,0,-1,"OpenCD",0,0,0,0,65536,-1,0],
["9E7597CE07F4ACF356E1D397623A959FEF2FC7EF",152,"Á∫?ÅÆË±? 1992 720P HDTV x264",5861408951,1000,5864014007,32768,0,0,0,0,"",0,0,0,0,65536,-1,0],
["BFD875673D7799E775B85B591F26D822490D3ACD",152,"Ëô´Â∏à",23110165552,1000,0,71671990368,3101,0,0,0,"HDC",0,0,0,0,65536,-1,0],
["100D6384791BD438A16EBD8E583B00FDA7EB3A48",152,"Èãº„ÅÆÈå¨ÈáëË°ìÂ∏´ FULLMETAL ALCHEMIST",74770837934,1000,74778440110,15852978176,211,0,0,0,"CHD",0,0,0,0,65536,-1,0],
["9CBECD3C30DC08434AAB0BDF324F066146A8F339",152,"Èãº„ÅÆÈå¨ÈáëË°ìÂ∏´ FULLMETAL ALCHEMIST",74770837934,1000,0,0,0,0,0,0,"HDC",0,0,0,0,65536,-1,0],
["1BE350945B3D55D5FF5084CCB54EE382830B4851",152,"Èãº„ÅÆÈå¨ÈáëË°ìÂ∏´ FULLMETAL ALCHEMIST",74770837934,1000,0,1343471616,17,0,0,0,"HDS",0,0,0,0,65536,-1,0],
["97D33F42644A743A36591500AC75C6FA5F0D24AC",152,"ÈªÑÁê¶Áè? - ‰∫öÊ¥≤Á¨¨‰∏ÄÂ•≥Â£∞",369674913,1000,369674913,9207808,24,0,0,0,"OpenCD",0,0,0,0,65536,-1,0],
["25A83E45F217FD5808464545DF30F8D63978C1F9",201,"ÎàÑÍµ¨ÏßÄ.avi",89249520,1000,89249520,0,0,0,0,-1,"",0,0,0,0,65536,-1,0],
["BD5F6A44432A7414ADF03525B7C8B4282259EF17",201,"Îã?∞úÏãúÌÅ¨.MOV",70790498,1000,70790498,0,0,0,0,-1,"",0,0,0,0,65536,-1,0],
["D57A37FDFF2DA083805237BD5AE1CAF4A3EC833A",152,"ÌïòÎäòÎ≥¥Î¶¨.MOV",999644297,1000,999644297,51200000,51,0,0,0,"",0,0,0,0,65536,-1,0]]
,"torrentc": "685611650"
,"rssfeeds": [
[2,true,true,false,true,-1,"HDStar Torrents|http://www.hdstar.org/torrentrss.php?rows=10&cat401=1&cat404=1&cat405=1&cat402=1&cat403=1&cat407=1&cat409=1&cat542=1&cat501=1&cat502=1&cat503=1&cat504=1&cat505=1&cat506=1&cat507=1&cat509=1&cat508=1&linktype=dl&passkey=9b08a7cd0271b2181fe591a17c931f51&inclbookmarked=1",1389016114,[]]]
,"rssfilters": [
[1,1,"HDStar Torrents","*","","",2,-1,"",0,1338535379,118784000,0,"",false,false]]
}